36794
39868
41461
42617
44446
37792
39884
41509
42646
44465
37800
39896
41517
42681
44471
37812
39933
41531
42684
44539
37939
39939
41547
42690
44594
38124
39973
41556
42701
44604
38140
40001
41558
42729
44617
38165
40002
41571
42756
44618
38209
40023
41593
42783
44683
38322
40078
41683
42789
44710
38365
40095
41688
42827
44725
38398
40114
41708
42831
44820
38466
40142
41734
42832
44831
38493
40192
41755
42833
44834
38571
40238
41762
42896
44837
38763
40300
41775
42898
44869
38767
40331
41779
42921
44890
38783
40360
41790
42985
44954
38798
40362
41791
43002
44979
38818
40394
41796
43015
45004
38832
40398
41806
43020
45016
38867
40421
41851
43023
45128
38876
40465
41889
43114
45143
38893
40519
41913
43123
45156
39012
40535
41930
43133
45174
39021
40544
41950
43137
45188
39038
40553
41957
43171
45228
39042
40602
41962
43200
45255
39048
40624
41964
43217
45258
39071
40676
41975
43256
45267
39085
40679
42000
43258
45327
39106
40681
42013
43260
45355
39116
40703
42037
43276
45394
39134
40711
42043
43292
45397
39141
40730
42070
43298
45509
39162
40759
42095
43299
45522
39170
40762
42106
43300
45539
39172
40768
42107
43319
45544
39241
40776
42108
43332
45575
39273
40786
42109
43336
45580
39278
40826
42123
43353
45600
39289
40829
42127
43374
45603
39302
40838
42139
43429
45608
39314
40846
42140
43436
45635
39325
40850
42144
43438
45646
39326
40862
42147
43493
45654
39348
40909
42149
43519
45660
39358
40956
42153
43583
45697
39364
40985
42156
43599
45699
39377
40993
42167
43642
45829
39406
41095
42172
43671
45840
39433
41115
42173
43683
45857
39460
41125
42201
43699
45872
39505
41127
42221
43709
45887
39568
41146
42253
43764
45938
39617
41147
42270
43803
45952
39631
41151
42286
43823
45995
39634
41192
42290
43882
46000
39649
41194
42294
43891
46037
39656
41264
42362
43928
46066
39670
41266
42386
43952
46070
39684
41274
42411
43954
46247
39689
41283
42454
43970
46272
39707
41288
42464
44006
46709
39745
41318
42497
44102
46764
39764
41358
42502
44108
46898
39801
41363
42519
44112
39807
41365
42556
44208
39826
41397
42560
44224
39847
41460
42568
44239