10101
12816
15610
17792
19604
21627
23932
10106
12818
15616
17799
19614
21632
23945
10153
12848
15618
17802
19627
21670
23975
10172
12864
15627
17822
19651
21693
23978
10202
12870
15702
17829
19662
21703
23984
10205
12880
15721
17861
19670
21706
24004
10209
12918
15730
17862
19708
21717
24005
10219
12923
15744
17886
19711
21720
24014
10284
12927
15783
17891
19747
21728
24089
10304
12947
15796
17898
19789
21731
24124
10336
12994
15809
17940
19818
21732
24189
10375
13032
15816
17942
19821
21734
24190
10389
13037
15819
17963
19843
21738
24278
10393
13042
15831
17977
19845
21743
24297
10470
13049
15836
17986
19848
21772
24300
10493
13117
15839
18022
19860
21783
24320
10512
13138
15861
18036
19866
21801
24345
10528
13140
15867
18038
19889
21807
24353
10566
13148
15902
18100
19911
21823
24388
10619
13166
15903
18108
19913
21829
24391
10639
13171
15914
18128
19929
21842
24425
10653
13191
15926
18131
19939
21854
24444
10657
13195
15981
18132
19955
21909
24471
10664
13209
16010
18136
19968
21918
24530
10678
13214
16017
18142
20006
21920
24556
10723
13236
16029
18143
20036
21921
24570
10728
13262
16033
18150
20047
21932
24645
10752
13286
16041
18157
20050
21938
24685
10773
13305
16076
18181
20051
22000
24747
10886
13312
16080
18197
20052
22088
24766
10921
13352
16083
18205
20073
22144
24780
10926
13396
16093
18224
20093
22158
24784
11011
13401
16096
18251
20120
22213
24795
11020
13421
16117
18289
20124
22215
24798
11066
13467
16170
18294
20130
22233
24804
11115
13473
16173
18296
20177
22246
24825
11128
13483
16180
18315
20189
22265
24843
11152
13534
16214
18363
20193
22272
24846
11159
13559
16231
18375
20228
22294
24886
11160
13561
16257
18401
20252
22299
24890
11201
13563
16267
18436
20259
22324
24971
11228
13583
16293
18442
20298
22363
24978
11288
13618
16327
18452
20312
22384
25004
11327
13639
16331
18483
20320
22388
25017
11334
13640
16337
18505
20325
22404
25019
11339
13718
16351
18513
20334
22406
25045
11344
13726
16354
18518
20344
22409
25059
11346
13765
16375
18520
20347
22417
25080
11381
13807
16390
18530
20351
22443
25117
11393
13822
16406
18539
20388
22453
25146
11429
13839
16454
18558
20399
22466
25228
11431
13850
16484
18564
20426
22513
25303
11443
13855
16495
18574
20427
22548
25363
11487
13882
16541
18585
20460
22565
25382
11502
13907
16544
18603
20531
22568
25431
11514
13977
16574
18608
20605
22570
25434
11526
14013
16598
18609
20698
22593
25437
11542
14039
16607
18631
20701
22598
25498
11561
14084
16624
18642
20705
22633
25505
11743
14125
16658
18650
20738
22652
25517
11768
14132
16717
18667
20755
22660
25605
11784
14140
16727
18712
20766
22669
25616
11785
14158
16730
18726
20784
22680
25629
11800
14190
16736
18736
20801
22686
25655
11802
14202
16751
18753
20806
22692
25671
11814
14283
16752
18763
20812
22719
25704
11849
14286
16753
18794
20823
22731
25765
11941
14297
16758
18805
20825
22755
25773
11946
14318
16774
18817
20826
22772
25845
11964
14319
16814
18849
20833
22778
25889
11975
14323
16849
18869
20836
22780
25926
12006
14330
16853
18898
20846
22873
26172
12025
14371
16867
18908
20873
22879
26179
12088
14379
16871
18931
20883
22932
26193
12129
14394
16872
18939
20894
22979
26235
12131
14429
16879
18961
20899
22984
26358
12154
14450
16893
18978
20922
23017
26373
12170
14455
16895
18982
20929
23018
26410
12242
14526
16945
18988
20948
23050
26458
12253
14576
16960
18991
20971
23053
26518
12254
14583
16965
18998
20974
23061
26607
12260
14585
16997
19010
21022
23082
26613
12279
14591
17039
19011
21030
23085
26629
12304
14621
17065
19030
21033
23088
26806
12317
14649
17075
19033
21037
23116
26809
12318
14701
17107
19034
21047
23120
26822
12367
14709
17116
19067
21083
23121
26858
12372
14713
17139
19075
21087
23127
26882
12381
14718
17193
19140
21112
23161
26903
12418
14780
17194
19176
21115
23170
27008
12429
14784
17204
19177
21156
23178
27204
12450
14810
17248
19212
21171
23186
27305
12454
14821
17339
19221
21211
23210
27309
12464
14865
17358
19223
21231
23271
27373
12472
14877
17392
19231
21249
23301
27475
12478
14886
17408
19235
21256
23302
27621
12479
14888
17412
19257
21285
23308
27686
12481
14895
17426
19303
21290
23328
8140
12493
14902
17433
19309
21291
23339
8300
12499
14961
17436
19312
21333
23344
8762
12511
14962
17437
19316
21348
23346
9030
12529
14970
17477
19350
21351
23361
9083
12532
14993
17481
19358
21382
23370
9128
12541
15002
17489
19368
21401
23423
9178
12542
15038
17502
19370
21412
23431
9211
12543
15050
17515
19373
21414
23466
9283
12545
15073
17530
19383
21424
23505
9388
12584
15138
17553
19418
21471
23513
9396
12613
15154
17579
19434
21487
23570
9421
12617
15178
17589
19451
21497
23631
9442
12642
15241
17626
19453
21522
23640
9458
12674
15242
17635
19465
21524
23667
9517
12677
15308
17646
19468
21534
23675
9569
12703
15422
17667
19513
21543
23744
9594
12717
15470
17708
19546
21546
23749
9670
12722
15474
17712
19584
21552
23758
9706
12739
15477
17714
19589
21567
23806
9717
12749
15490
17727
19590
21582
23831
9748
12780
15535
17748
19591
21592
23862
9869
12793
15544
17760
19592
21593
23891
9926
12814
15580
17782
19603
21599
23912
9948