24766
24798
24978
25045
25329
25387
25549
25550
25721
25737
25797
25947
26095
26193
26197
26257
26457
26537
26542
26645
26652
26673
26747
26767
26778
26788
26789
26823
26842
26859
26873
26879
26910
26922
26946
27006
27018
27051
27057
27060
27073
27101
27145
27179
27185
27234
27235
27240
27269
27308
27404
27422
27440
27472
27519
27532
27572
27660
27668
27676
27689
27698
27722
27739
27778
27825
27829
27830
27837
27877
27901
27916
27933
27951
27978
27995
28005
28015
28040
28055
28073
28082
28121
28194
28206
28215
28237
28243
28284
28308
28379
28381
28393
28395
28406
28436
28440
28451
28466
28496
28519
28535
28540
28541
28553
28574
28593
28596
28634
28651
28653
28683
28774
28775
28846
28909
28924
28930
28950
29015
29083
29136
29167
29183
29190
29211
29315
29325
29456
29457
29462
29463
29465
29510
29517
29522
29527
29641
29743
29807
29873
29879
29890
29960
29970
29993
30006
30044
30057
30064
30084
30116
30126
30127
30160
30178
30186
30199
30204
30218
30227
30240
30243
30251
30257
30275
30291
30294
30304
30345
30357
30358
30390
30415
30452
30461
30494
30511
30529
30564
30592
30595
30608
30644
30694
30709
30727
30739
30796
30822
30840
30853
30876
30941
30957
30961
30963
30995
31029
31047
31058
31105
31114
31126
31128
31129
31131
31137
31170
31179
31190
31213
31215
31222
31232
31245
31251
31256
31257
31269
31273
31275
31297
31301
31304
31308
31310
31314
31334
31362
31371
31381
31383
31388
31393
31399
31404
31441
31460
31490
31525
31586
31591
31617
31621
31624
31639
31642
31644
31664
31679
31682
31692
31697
31710
31711
31751
31752
31761
31786
31788
31790
31808
31818
31867
31871
31874
31879
31899
31904
31922
31952
31955
31957
31972
31973
31985
31995
32018
32033
32042
32047
32066
32087
32088
32103
32108
32113
32122
32135
32140
32149
32162
32166
32183
32210
32229
32250
32275
32290
32301
32309
32321
32329
32340
32392
32418
32427
32444
32454
32459
32485
32487
32497
32499
32500
32515
32545
32562
32567
32582
32583
32586
32594
32595
32606
32622
32625
32632
32637
32645
32649
32660
32668
32671
32691
32695
32708
32713
32719
32739
32744
32752
32769
32791
32799
32810
32823
32842
32843
32846
32867
32870
32872
32887
32905
32908
32914
32925
32930
32932
32934
32949
32956
32957
32965
32970
32971
32977
32985
32992
33007
33008
33015
33024
33036
33042
33081
33093
33095
33101
33115
33123
33124
33135
33136
33140
33143
33156
33157
33161
33163
33169
33175
33181
33191
33204
33225
33226
33231
33232
33240
33249
33260
33267
33268
33278
33282
33292
33301
33305
33307
33311
33322
33324
33345
33366
33372
33379
33395
33397
33398
33399
33401
33406
33422
33429
33430
33438
33453
33460
33465
33471
33475
33495
33496
33504
33511
33515
33521
33545
33548
33549
33552
33554
33560
33563
33568
33571
33577
33579
33587
33596
33598
33609
33611
33617
33636
33640
33654
33673
33677
33680
33683
33691
33692
33706
33707
33715
33722
33724
33726
33732
33735
33739
33749
33761
33764
33767
33772
33775
33780
33792
33794
33804
33807
33825
33833
33840
33845
33862
33863
33870
33872
33875
33880
33896
33901
33911
33912
33913
33926
33935
33943
33958
33961
33966
33985
33991
33993
34002
34003
34023
34030
34060
34071
34077
34109
34117
34127
34140
34148
34154
34157
34162
34168
34171
34172
34173
34174
34179
34193
34211
34213
34225
34258
34283
34311
34312
34313
34314
34315
34338
34343
34353
34368
34398
34403
34407
34418
34419
34439
34456
34461
34470
34479
34492
34493
34504
34506
34507
34527
34529
34548
34557
34558
34562
34569
34570
34592
34597
34608
34633
34640
34644
34658
34674
34682
34703
34708
34721
34726
34736
34739
34747
34753
34779
34782
34800
34802
34809
34812
34819
34824
34826
34836
34838
34841
34857
34867
34876
34882
34892
34894
34897
34903
34911
34935
34937
34953
34954
34955
34971
34985
34991
34993
34995
34999
35011
35017
35039
35042
35045
35065
35075
35084
35090
35102
35107
35135
35139
35145
35166
35198
35204
35207
35209
35236
35241
35255
35256
35264
35269
35278
35288
35289
35311
35326
35330
35347
35355
35356
35364
35395
35400
35416
35432
35440
35448
35452
35455
35468
35469
35470
35490
35501
35506
35518
35527
35536
35539
35540
35545
35547
35553
35556
35568
35573
35587
35591
35596
35603
35612
35617
35636
35659
35666
35699
35725
35728
35732
35740
35759
35773
35789
35795
35798
35804
35814
35817
35822
35835
35836
35841
35852
35861
35880
35889
35895
35904
35906
35912
35928
35933
35935
35936
35940
35942
35943
35947
35952
35956
35957
35959
35963
35965
35979
35986
36052
36054
36060
36065
36067
36068
36091
36102
36111
36112
36135
36138
36149
36151
36158
36161
36191
36203
36217
36224
36233
36246
36290
36295
36303
36327
36348
36370
36376
36397
36401
36406
36417
36418
36420
36422
36433
36462
36474
36506
36512
36530
36536
36552
36559
36562
36601
36608
36623
36624
36628
36645
36681
36695
36700
36712
36720
36736
36765
36791
36813
36838
36860
36862
36869
36930
36933
36936
36943
36964
37018
37031
37036
37037
37053
37063
37064
37065
37085
37092
37096
37098
37102
37117
37127
37133
37166
37171
37180
37186
37188
37197
37210
37216
37230
37232
37244
37257
37265
37281
37286
37308
37311
37321
37325
37326
37327
37333
37334
37343
37371
37392
37411
37413
37432
37435
37472
37486
37602