15255
15516
15861
15957
15998
15999
16083
16229
16286
16315
16343
16469
16616
16635
16674
16755
16797
16827
16883
16903
16942
16945
16987
17029
17041
17070
17075
17082
17098
17153
17193
17338
17433
17500
17515
17540
17560
17708
17712
17758
17782
17835
17891
17892
17930
17934
17937
17942
17958
17974
17989
18030
18038
18043
18098
18100
18101
18108
18131
18139
18142
18145
18149
18163
18181
18205
18232
18236
18289
18291
18364
18375
18400
18401
18403
18439
18457
18477
18513
18520
18523
18546
18558
18565
18574
18633
18661
18662
18667
18692
18756
18763
18767
18778
18794
18811
18849
18885
18961
19022
19030
19044
19074
19075
19080
19082
19095
19100
19154
19176
19234
19257
19268
19273
19278
19290
19308
19309
19319
19333
19347
19362
19370
19379
19391
19437
19450
19485
19493
19513
19515
19547
19554
19558
19584
19626
19641
19658
19662
19670
19679
19726
19756
19799
19833
19843
19845
19889
19895
19901
19939
19947
19968
20004
20016
20036
20049
20051
20052
20053
20073
20093
20105
20111
20158
20166
20168
20193
20228
20250
20290
20293
20305
20308
20319
20320
20325
20343
20346
20347
20351
20353
20356
20366
20373
20421
20432
20443
20464
20481
20496
20513
20518
20531
20539
20561
20576
20596
20601
20602
20635
20637
20666
20737
20738
20743
20759
20766
20775
20783
20787
20795
20807
20812
20850
20856
20861
20899
20922
20924
20942
20966
21030
21037
21083
21087
21093
21099
21115
21124
21129
21156
21187
21206
21249
21279
21285
21290
21323
21334
21348
21351
21376
21382
21424
21427
21437
21442
21448
21481
21503
21507
21517
21518
21524
21550
21564
21567
21582
21586
21592
21593
21609
21619
21630
21637
21644
21650
21663
21683
21690
21693
21699
21707
21713
21725
21728
21733
21734
21735
21749
21783
21798
21807
21814
21837
21842
21845
21854
21863
21870
21876
21895
21909
21914
21916
21918
21919
21938
21946
21959
21985
21999
22000
22022
22023
22051
22056
22074
22088
22097
22098
22165
22178
22205
22210
22265
22285
22294
22310
22370
22417
22434
22443
22457
22463
22470
22487
22522
22535
22536
22547
22548
22566
22571
22583
22593
22598
22600
22601
22613
22660
22668
22669
22679
22680
22694
22696
22733
22748
22761
22766
22772
22778
22780
22810
22815
22874
22894
22898
22925
22927
22933
22939
22944
22945
22949
22984
23006
23010
23017
23018
23046
23050
23054
23081
23082
23087
23104
23151
23161
23185
23200
23210
23213
23227
23245
23254
23271
23274
23287
23291
23308
23312
23339
23342
23344
23346
23370
23381
23399
23408
23430
23431
23434
23435
23459
23461
23466
23489
23490
23503
23505
23570
23608
23618
23626
23628
23632
23661
23674
23682
23685
23710
23722
23728
23756
23767
23780
23862
23869
23872
23881
23889
23912
23918
23936
23946
23965
23975
23984
24036
24041
24060
24089
24112
24119
24150
24152
24177
24188
24192
24221
24229
24236
24247
24258
24263
24297
24299
24328
24353
24377
24385
24386
24427
24456
24457
24475
24487
24511
24530
24537
24546
24566
24582
24593
24594
24599
24611
24612
24621
24628
24630
24633
24641
24693
24703
24725
24742
24747
24766
24770
24772
24790
24798
24820
24844
24846
24856
24863
24890
24917
24928
24953
24965
24978
24991
25024
25045
25099
25130
25152
25202
25223
25284
25312
25329
25348
25384
25387
25393
25424
25432
25444
25448
25473
25505
25518
25529
25531
25549
25550
25575
25591
25636
25655
25657
25664
25687
25688
25721
25734
25737
25738
25772
25797
25827
25835
25876
25947
26015
26060
26072
26095
26115
26193
26197
26203
26257
26282
26300
26304
26328
26359
26411
26424
26457
26537
26542
26565
26566
26592
26633
26645
26652
26673
26696
26747
26750
26767
26778
26788
26789
26794
26823
26842
26843
26859
26873
26879
26883
26910
26922
26937
26946
26948
26959
27006
27018
27025
27029
27051
27057
27060
27071
27073
27101
27132
27136
27138
27145
27158
27179
27185
27234
27235
27240
27269
27282
27308
27312
27358
27404
27422
27440
27444
27472
27476
27482
27519
27532
27543
27567
27572
27660
27668
27676
27689
27698
27718
27722
27739
27778
27812
27825
27829
27830
27837
27877
27901
27916
27930
27933
27951
27978
27983
27989
27995
28005
28014
28015
28029
28034
28040
28055
28073
28082
28121
28164
28191
28194
28206
28215
28227
28237
28241
28243
28252
28284
28308
28379
28381
28393
28395
28406
28436
28451
28466
28496
28509
28519
28535
28540
28541
28553
28574
28593
28596
28599
28634
28651
28653
28683
28738
28774
28775
28846
28909
28924
28930
28950
29015
29083
29136
29167
29183
29190
29211
29315
29325
29456
29457
29462
29463
29465
29510
29517
29522
29527
29641
29743
29807
29873
29879
29890
29960
29970
29993
30006
30064
30084
30116
30126
30127
30160
30178
30186
30218
30227
30240
30251
30257
30275
30294
30304
30358
30415
30452
30461
30494
30511
30595
30694
30727
30796
30853
30876
30957
30961
30963
31047
31058
31126
31170
31213
31215
31245
31256
31269
31297
31301
31304
31314
31362
31381
31383
31399
31404
31441
31525
31642
31664
31679
31697
31710
31786
31788
31818
31867
31871
31904
31972
31973
32018
32103
32108
32113
32149
32229
32309
32329
32340
32418
32606
32637
32649
32719
32843
32867
32985
33024
33036
33115
33136
33422