41965
42185
42471
42472
42504
42520
42576
42610
42652
42706
42711
42762
42788
42820
42822
42915
42956
42981
43018
43028
43048
43071
43126
43144
43262
43264
43266
43283
43342
43352
43356
43401
43417
43548
43567
43572
43581
43596
43618
43651
43659
43727
43762
43809
43926
44020
44050
44083
44085
44091
44152
44166
44228
44263
44402
44459
44496
44588
44598
44619
44643
44674
44711
44740
44767
44773
44784
44805
44810
44824
44842
44843
44848
44871
44920
44959
44974
44985
44996
45012
45068
45116
45124
45133
45222
45246
45250
45257
45265
45279
45295
45313
45329
45333
45378
45414
45439
45464
45474
45492
45495
45518
45531
45532
45597
45609
45633
45636
45640
45647
45650
45657
45692
45717
45738
45772
45775
45787
45788
45795
45802
45897
45901
45940
45962
45967
45972
45975
45994
46001
46064
46065
46072
46114
46119
46129
46130
46153
46173
46186
46216
46231
46235
46267
46274
46275
46312
46318
46354
46379
46382
46394
46397
46399
46432
46476
46486
46496
46504
46506
46515
46518
46527
46532
46564
46576
46624
46636
46654
46704
46718
46744
46751
46779
46846
46849
46866
46870
46900
46924
46937
46938
46955
46958
46976
47002
47008
47033
47045
47047
47059
47066
47094
47099
47114
47120
47122
47129
47140
47157
47185
47206
47282
47283
47297
47346
47376
47378
47386
47396
47397
47535
47576
47612
47638
47647
47656
47666
47710
47734
47768
47769
47770
47772
47813
47821
47841
47868
47870
47878
47880
47910
47932
47951
47977
47980
48001
48006
48014
48026
48048
48089
48123
48136
48194
48202
48212
48221
48251
48276
48289
48299
48318
48371
48387
48413
48414
48417
48420
48434
48444
48464
48472
48475
48525
48528
48549
48560
48561
48563
48584
48597
48623
48631
48650
48652
48706
48711
48716
48721
48724
48749
48760
48761
48763
48785
48794
48802
48843
48881
48898
48900
48956
48957
48998
49028
49072
49097
49127
49134
49145
49173
49191
49198
49233
49269
49320
49362
49400
49401
49411
49441
49526
49542
49555
49626
49661
49682
49692
49712
49763
49771
49790
49809
49834
49845
49864
49881
49902
49927
49939
50010
50039
50040
50073
50147
50288
50425