18761
18795
18933
19113
19146
19148
19234
19257
19348
19365
19715
19743
19819
19872
19906
19915
19939
19989
19999
20018
20030
20067
20106
20164
20178
20199
20253
20254
20356
20398
20404
20442
20454
20490
20547
20549
20566
20604
20612
20614
20623
20634
20644
20651
20659
20671
20698
20701
20734
20778
20788
20798
20805
20883
20898
20915
20948
20970
20976
21002
21141
21185
21260
21319
21362
21422
21445
21676
21690
21740
21749
21761
21774
21797
21799
21817
21823
21829
21843
21849
21890
21909
21946
21986
22005
22078
22113
22172
22252
22276
22278
22288
22291
22309
22369
22488
22547
22568
22569
22614
22679
22714
22723
22730
22760
22793
22812
22819
22843
22858
22865
22868
22942
23102
23110
23118
23206
23208
23237
23322
23370
23421
23430
23487
23553
23577
23613
23620
23650
23664
23684
23702
23763
23765
23777
23779
23799
23802
23816
23821
23828
23905
23917
23938
23967
23985
24013
24021
24108
24110
24133
24193
24207
24282
24289
24293
24296
24312
24315
24325
24365
24423
24435
24446
24491
24505
24519
24521
24569
24587
24615
24622
24628
24644
24658
24681
24695
24763
24779
24803
24817
24838
24850
24851
24857
24864
24904
24914
24932
24947
24976
25003
25028
25030
25053
25054
25063
25067
25142
25172
25197
25231
25242
25243
25251
25304
25435
25452
25458
25465
25480
25487
25540
25541
25547
25549
25592
25617
25632
25641
25652
25654
25659
25703
25723
25737
25745
25770
25778
25787
25799
25832
25843
25856
25858
25884
25900
25909
25934
25940
25970
25991
26018
26021
26031
26042
26053
26065
26071
26087
26102
26175
26182
26231
26233
26272
26278
26316
26377
26387
26406
26512
26549
26550
26556
26558
26559
26571
26578
26598
26639
26646
26696
26698
26722
26739
26746
26794
26802
26807
26830
26881
26915
26939
26972
26983
27016
27027
27029
27088
27095
27110
27178
27194
27202
27231
27267
27329
27370
27438
27482
27533
27535
27547
27549
27564
27565
27573
27629
27706
27795
27801
27867
27881
27965
27973
28022
28037
28052
28087
28111
28116
28119
28139
28151
28152
28188
28207
28218
28267
28353
28356
28362
28382
28424
28445
28448
28495
28656
28662
28680
28704
28762
28773
28785
28794
28870
28876
28878
28890
28975
28995
29018
29047
29048
29053
29054
29122
29155
29169
29236
29238
29256
29257
29293
29313
29323
29349
29359
29360
29385
29394
29431
29442
29460
29499
29530
29565
29601
29606
29617
29632
29642
29649
29686
29699
29713
29717
29730
29735
29794
29796
29815
29816
29845
29846
29857
29861
29928
29957
29977
29986
30034
30053
30079
30081
30132
30133
30163
30177
30242
30271
30276
30277
30285
30327
30367
30381
30387
30427
30442
30443
30479
30489
30490
30510
30520
30534
30566
30572
30587
30597
30598
30691
30694
30725
30760
30777
30792
30807
30871
30872
30930
30931
30952
30976
30991
31039
31044
31063
31064
31080
31191
31198
31205
31210
31232
31262
31277
31311
31342
31439
31454
31475
31529
31553
31598
31615
31634
31722
31767
31801
31878
31888
31913
31952
31970
32021
32058
32105
32121
32135
32136
32186
32192
32293
32606
32688
32695
32701
32762
33131
33230
33374
33427
33536