35921
37037
37382
37590
37786
37927
38093
36114
37052
37392
37592
37787
37928
38098
36203
37053
37395
37601
37792
37932
38099
36243
37060
37399
37602
37793
37942
38101
36303
37065
37402
37605
37798
37947
38102
36382
37067
37403
37612
37802
37950
38105
36420
37072
37406
37614
37805
37951
38106
36435
37074
37411
37615
37807
37953
38107
36456
37076
37413
37620
37809
37955
38108
36514
37096
37421
37623
37810
37957
38110
36521
37102
37422
37624
37812
37960
38111
36556
37135
37424
37629
37813
37961
38112
36577
37156
37435
37631
37814
37963
38114
36596
37167
37444
37633
37819
37966
38116
36613
37170
37451
37635
37820
37970
38118
36623
37177
37454
37636
37821
37974
38120
36651
37192
37458
37643
37824
37975
38121
36663
37193
37460
37645
37830
37979
38123
36681
37204
37462
37647
37831
37985
38125
36717
37206
37464
37651
37834
37987
38126
36733
37214
37468
37658
37835
37989
38127
36735
37217
37469
37666
37836
37991
38130
36736
37220
37473
37668
37837
37996
38134
36738
37233
37484
37671
37840
37999
38138
36761
37237
37486
37674
37847
38003
38139
36773
37243
37494
37683
37850
38006
38140
36783
37247
37495
37686
37852
38007
38143
36786
37253
37503
37691
37854
38010
38149
36788
37256
37506
37697
37859
38014
38154
36795
37258
37508
37700
37860
38018
38155
36808
37261
37510
37701
37863
38022
38159
36809
37269
37511
37702
37864
38027
38160
36812
37271
37513
37706
37878
38030
38163
36813
37272
37516
37710
37882
38032
38173
36856
37276
37521
37711
37887
38040
38179
36860
37279
37522
37712
37889
38041
38180
36880
37282
37525
37717
37890
38043
38184
36889
37288
37532
37719
37892
38046
38193
36890
37295
37533
37721
37893
38057
38210
36900
37306
37541
37729
37896
38061
38212
36917
37307
37542
37736
37899
38062
38216
36920
37314
37551
37738
37901
38065
38220
36926
37316
37553
37749
37903
38068
38225
36928
37330
37555
37750
37906
38070
38229
36936
37340
37558
37753
37907
38072
38235
36968
37343
37567
37761
37909
38074
38241
36985
37347
37576
37762
37910
38077
38244
37006
37349
37582
37765
37911
38078
38247
37018
37363
37584
37767
37913
38085
38251
37019
37366
37586
37770
37914
38088
38255
37023
37371
37587
37772
37917
38089
37031
37375
37588
37781
37922
38091