29743
29993
30044
30084
30243
30291
30296
30345
30452
30564
30588
30595
30739
30796
30811
30876
30898
30957
30961
31050
31056
31088
31126
31128
31137
31143
31173
31232
31234
31249
31257
31269
31273
31310
31314
31371
31381
31383
31400
31404
31441
31443
31481
31525
31575
31586
31624
31639
31682
31690
31743
31761
31774
31775
31786
31789
31790
31804
31806
31825
31832
31857
31874
31879
31887
31900
31929
31952
31973
31978
31984
31996
32003
32023
32033
32042
32095
32113
32122
32135
32146
32157
32162
32175
32244
32246
32250
32266
32275
32304
32305
32329
32355
32394
32398
32406
32412
32436
32459
32466
32478
32485
32497
32538
32545
32562
32566
32589
32594
32616
32625
32649
32673
32675
32708
32712
32713
32744
32799
32832
32846
32863
32867
32872
32904
32914
32932
32933
32951
32956
32957
32965
32985
32992
33000
33007
33008
33024
33036
33101
33115
33123
33136
33156
33157
33163
33169
33175
33191
33204
33240
33249
33268
33278
33301
33305
33307
33324
33345
33366
33388
33397
33398
33406
33419
33422
33429
33430
33438
33453
33459
33460
33465
33471
33495
33496
33504
33511
33515
33521
33548
33549
33559
33560
33567
33568
33571
33579
33580
33587
33596
33611
33617
33631
33645
33646
33654
33671
33673
33677
33680
33692
33707
33715
33722
33724
33726
33732
33735
33749
33757
33761
33764
33775
33777
33780
33792
33799
33807
33814
33825
33833
33840
33845
33849
33870
33872
33875
33896
33935
33943
33961
33966
33968
33985
33993
33995
34023
34077
34084
34109
34110
34113
34130
34140
34148
34157
34162
34171
34173
34179
34193
34213
34225
34251
34279
34283
34295
34312
34313
34314
34315
34321
34353
34358
34370
34393
34397
34398
34405
34407
34413
34444
34461
34484
34492
34502
34504
34506
34527
34529
34548
34560
34564
34569
34570
34597
34608
34620
34623
34625
34633
34641
34644
34649
34658
34682
34694
34718
34726
34731
34733
34736
34747
34753
34757
34782
34792
34800
34802
34809
34810
34819
34823
34832
34833
34853
34854
34867
34894
34897
34901
34903
34904
34923
34937
34940
34955
34991
34995
35011
35020
35031
35039
35042
35050
35065
35068
35069
35090
35095
35102
35126
35142
35145
35177
35180
35185
35209
35255
35256
35257
35278
35285
35289
35292
35311
35317
35337
35355
35378
35395
35400
35440
35469
35491
35501
35507
35508
35526
35527
35539
35547
35568
35581
35587
35591
35666
35671
35699
35710
35723
35726
35752
35757
35759
35789
35790
35807
35811
35822
35835
35837
35841
35859
35889
35900
35920
35940
35943
35947
35948
35965
35977
35979
35984
35986
35988
35995
36015
36022
36028
36047
36070
36071
36100
36132
36138
36145
36146
36156
36161
36210
36217
36277
36327
36341
36397
36401
36497
36672