10076
10103
10298
10307
10309
10485
10489
10517
10529
10557
10793
10856
10960
10964
10996
11046
11063
11067
11090
11124
11245
11279
11283
11286
11323
11341
11353
11363
11460
11557
11592
11593
11610
11617
11619
11630
11633
11683
11750
11759
11839
11851
11855
11883
11886
11892
11903
11930
11932
11961
11969
11997
12078
12098
12133
12141
12246
12276
12299
12300
12343
12355
12364
12435
12436
12451
12460
12485
12568
12587
12633
12713
12725
12748
12769
12797
12849
12878
12897
12904
12936
12979
12984
13093
13108
13174
13182
13197
13211
13272
13288
13379
13384
13393
13409
13411
13414
13416
13429
13436
13442
13453
13466
13480
13502
13509
13520
13523
13536
13555
13564
13571
13573
13589
13607
13608
13629
13636
13674
13685
13686
13697
13746
13750
13752
13767
13774
13775
13776
13777
13813
13820
13821
13856
13886
13905
13909
13925
13926
13934
13943
13970
13978
13981
13992
14007
14051
14068
14076
14082
14098
14136
14178
14184
14187
14277
14281
14293
14300
14302
14372
14424
14462
14480
14502
14506
14515
14516
14524
14533
14573
14582
14597
14627
14666
14693
14694
14697
14714
14716
14738
14739
14746
14754
14797
14807
14843
14850
14884
14901
14982
14994
15036
15046
15051
15065
15120
15127
15133
15144
15204
15206
15226
15300
15308
15328
15379
15459
15474
15477
15489
15493
15503
15511
15544
15549
15555
15578
15627
15631
15633
15706
15708
15726
15744
15761
15803
15812
15819
15834
15836
15876
15908
15930
15940
15950
15976
16008
16029
16039
16041
16057
16061
16072
16093
16102
16107
16119
16129
16132
16170
16178
16189
16202
16222
16233
16257
16287
16331
16345
16390
16391
16406
16425
16427
16436
16447
16462
16499
16500
16533
16544
16558
16607
16608
16640
16688
16694
16698
16705
16719
16724
16725
16730
16744
16758
16817
16834
16843
16849
16853
16872
16879
16893
16895
16931
16960
16965
17006
17024
17035
17065
17097
17107
17127
17162
17170
17171
17179
17181
17190
17194
17204
17211
17216
17257
17291
17293
17324
17337
17339
17347
17411
17412
17414
17426
17436
17437
17441
17450
17477
17481
17489
17532
17533
17541
17550
17553
17591
17596
17599
17646
17668
17680
17727
17735
17746
17759
17784
17785
17792
17829
17856
17925
17926
17927
17940
17957
17963
17971
18007
18036
18045
18087
18125
18136
18176
18180
18251
18294
18382
18432
18436
18442
18448
18452
18462
18473
18482
18505
18518
18530
18539
18629
18634
18642
18704
18718
18721
18754
18777
18803
18815
18905
18922
18952
18955
18991
19005
19017
19033
19088
19104
19131
19149
19160
19197
19212
19229
19235
19237
19258
19269
19270
19315
19320
19340
19341
19342
19368
19398
19406
19442
19447
19464
19475
19501
19504
19545
19596
19605
19613
19615
19620
19621
19659
19686
19698
19725
19735
19795
19815
19817
19850
19854
19871
19875
19951
20032
20046
20061
20092
20147
20151
20165
20198
20216
20287
20288
20329
20333
20335
20350
20515
20520
20538
20567
20583
20621
20645
20685
20694
20702
20815
20858
20904
20936
20950
20960
20963
20965
20992
21025
21026
21048
21079
21104
21126
21152
21195
21251
21286
21288
21298
21313
21328
21332
21342
21343
21344
21363
21430
21489
21509
21558
21560
21580
21617
21642
21673
21710
21724
21761
21765
21880
21944
21957
21958
21981
21993
22027
22058
22065
22135
22151
22221
22248
22249
22274
22289
22291
22358
22381
22386
22400
22414
22483
22521
22556
22683
22746
22760
22790
22813
22846
22881
22904
22959
23173
23203
23249
23280
23359
23410
23520
23525
23556
23857
23864
23882
24181
24347
24560
9116
9927
9944