42861
43386
43403
43686
43812
43826
43904
44095
44101
44116
44130
44135
44225
44288
44311
44408
44427
44620
44651
44707
44723
44794
44857
44889
44957
44999
45069
45122
45148
45192
45219
45242
45264
45273
45364
45424
45469
45480
45485
45524
45551
45574
45590
45591
45667
45672
45752
45789
45790
45816
45847
45875
45889
45915
45922
46106
46107
46124
46183
46339
46345
46356
46386
46436
46457
46464
46493
46526
46567
46621
46655
46660
46661
46668
46685
46863
46881
46886
46894
46922
46932
46988
47025
47031
47035
47085
47091
47121
47125
47184
47202
47214
47219
47348
47375
47393
47399
47408
47421
47433
47469
47487
47488
47504
47520
47536
47549
47556
47615
47634
47648
47672
47677
47688
47691
47698
47721
47746
47749
47759
47818
47857
47860
47881
47919
47938
47952
47954
47970
47994
48012
48025
48039
48050
48067
48097
48104
48109
48113
48124
48153
48177
48207
48231
48238
48248
48274
48322
48357
48373
48424
48448
48457
48487
48494
48499
48543
48645
48660
48672
48685
48692
48714
48727
48742
48779
48793
48818
48849
48850
48918
49002
49040
49046
49053
49063
49100
49105
49132
49194
49209
49247
49257
49263
49330
49340
49346
49377
49402
49426
49466
49493
49501
49504
49554
49597
49609
49612
49662
49669
49691
49693
49702
49718
49720
49728
49742
49780
49836
49837
49838
49872
49874
49888
49891
49896
49904
49955
50110
50214
50249
50292
50389