34008
34082
34359
34363
34418
34482
34518
34543
34627
34646
34671
34672
34682
34716
34968
35048
35111
35137
35145
35193
35332
35420
35433
35444
35475
35484
35539
35587
35642
35719
35721
35747
35758
35774
35800
35826
35937
35993
36000
36001
36009
36066
36095
36096
36126
36127
36178
36182
36207
36220
36249
36303
36316
36366
36376
36451
36459
36482
36509
36570
36572
36573
36602
36632
36648
36652
36653
36659
36674
36696
36820
36822
36832
36850
36852
36854
36883
36971
36972
36979
36997
37001
37010
37027
37043
37063
37082
37085
37089
37098
37142
37162
37170
37172
37183
37188
37189
37197
37222
37249
37256
37259
37270
37274
37282
37298
37314
37364
37387
37394
37401
37409
37426
37464
37466
37532
37547
37586
37608
37613
37622
37624
37720
37730
37739
37745
37789
37791
37801
37820
37825
37827
37828
37845
37858
37872
37880
37889
37897
37903
37945
37984
37986
38001
38021
38022
38027
38046
38051
38116
38117
38135
38173
38177
38191
38224
38249
38316
38347
38362
38366
38436
38497
38512
38540
38559
38584
38622
38625
38628
38642
38658
38680
38719
38727
38744
38745
38749
38785
38807
38822
38836
38848
38861
38880
38912
38928
38932
38953
38955
39006
39032
39034
39052
39069
39120
39130
39133
39161
39180
39226
39232
39255
39280
39286
39300
39342
39351
39357
39376
39383
39411
39447
39457
39463
39485
39497
39554
39564
39599
39613
39619
39654
39671
39686
39713
39715
39751
39757
39775
39795
39804
39805
39806
39825
39837
39850
39976
39988
40004
40015
40019
40042
40101
40108
40131
40152
40167
40188
40196
40214
40218
40232
40247
40248
40256
40299
40312
40334
40359
40440
40457
40462
40494
40504
40507
40512
40532
40582
40585
40591
40597
40611
40620
40742
40875
40891
40923
40967
40968
41053
41062
41086
41108
41121
41130
41195
41198
41226
41249
41250
41261
41370
41439
41520
41526
41543
41642
41656
41733
41753
41757
41759
41767
41784
41829
41861
41865
41882
41897
41965
41968
41982
41999
42032
42038
42048
42051
42057
42068
42105
42113
42235
42236
42249
42263
42316
42348
42429
42455
42513
42548
42555
42593
42607
42689
42778
42866
42903
42913
42930
43007
43210
43248
43631
43638