35688
36183
36224
36394
36583
36932
37035
37080
37092
37103
37110
37111
37243
37254
37289
37302
37383
37385
37447
37462
37479
37485
37542
37625
37637
37711
37715
37785
37816
37822
37861
37885
37937
37986
38014
38060
38076
38083
38092
38119
38121
38141
38171
38202
38216
38233
38240
38362
38378
38383
38414
38436
38477
38490
38513
38537
38559
38616
38625
38626
38636
38645
38671
38684
38715
38718
38786
38811
38833
38843
38849
38873
38932
38977
38982
39007
39015
39023
39065
39097
39133
39138
39171
39176
39194
39231
39253
39255
39283
39344
39430
39438
39449
39504
39591
39603
39604
39636
39654
39681
39690
39765
39800
39815
39823
39825
39828
39937
39948
39981
39985
40024
40030
40035
40046
40054
40101
40110
40124
40136
40149
40214
40223
40255
40270
40278
40303
40305
40306
40312
40337
40340
40359
40387
40392
40413
40462
40475
40476
40492
40539
40541
40545
40548
40554
40579
40590
40611
40623
40631
40717
40732
40745
40774
40811
40819
40836
40845
40859
40878
40904
40976
40984
40987
40998
41042
41082
41091
41092
41110
41111
41122
41137
41139
41148
41159
41160
41171
41181
41190
41212
41218
41262
41281
41319
41341
41349
41350
41352
41383
41417
41454
41470
41480
41584
41603
41610
41615
41632
41647
41652
41654
41659
41748
41757
41761
41764
41781
41802
41839
41857
41873
41886
41902
41923
41927
41977
41980
41982
42038
42054
42059
42064
42089
42110
42145
42148
42159
42160
42166
42196
42235
42248
42258
42266
42287
42329
42338
42347
42353
42363
42370
42390
42393
42402
42409
42442
42445
42463
42471
42472
42487
42488
42504
42520
42576
42580
42610
42614
42615
42625
42652
42680
42685
42686
42704
42705
42706
42711
42719
42751
42758
42761
42762
42798
42828
42869
42874
42884
42890
42937
42956
42957
42958
42972
42981
43005
43018
43021
43028
43038
43048
43071
43084
43101
43105
43268
43286
43352
43390
43417
43419
43435
43462
43501
43548
43552
43553
43581
43596
43615
43645
43651
43659
43674
43696
43700
43770
43771
43935
43953
43959
44042
44048
44050
44066
44075
44085
44094
44113
44133
44187
44270
44275
44322
44333
44385
44400
44402
44405
44409
44496
44505
44519
44523
44556
44570
44615
44619
44643
44748
44767
44783
44784
44805
44810
44816
44858
44909
44996
44997
45024
45032
45095
45171
45250
45313
45337
45357
45361
45402
45414
45472
45474
45492
45532
45592
45597
45647
45650
45657
45717
45738
45787
45788
45795
45802
45972
46064
46186
46216
46379
46744