[37786, 37738, 37836]
[37787, 37788]
[37053, 37095, 37102]
[37395, 37410]
[36303, 36420, 36736]
[37067, 36970, 37104]
[37406, 37519]
[37074, 37132]
[37807, 37810, 37833]
[37953, 37970]
[36514, 36577]
[37810, 37807, 37833]
[37957, 38027]
[37102, 37053, 37187]
[37424, 37363]
[36577, 36514]
[36596, 36926, 36985]
[37633, 37615]
[37636, 37640]
[37821, 37805, 37845]
[36651, 36675]
[37193, 37149]
[36717, 36726, 36735]
[37996, 38005]
[36788, 36773]
[36795, 36808]
[36808, 36795]
[38027, 37957]
[37271, 37280]
[38041, 38080]
[37738, 37786]
[36928, 36908]
[37750, 37780]
[37343, 37440]
[37006, 37190, 37241]
[37363, 37424, 37503]