10101
10106
10336
11334
11339
11526
11975
12006
12253
12454
12464
12472
12499
12542
12749
12793
12814
12880
12923
13138
13140
13209
13286
13305
13352
13561
13726
14297
14318
14319
14713
14902
14961
15308
15544
15610
15819
16076
16173
16351
16375
16484
16544
16598
16736
16752
16849
16871
17194
17248
17436
17437
17477
17481
17530
17553
17626
17589
17635
17667
17712
17714
17748
17760
17799
17829
17942
17963
18038
18100
18108
18157
18197
18401
18436
18483
18513
18805
18667
18712
18817
18849
18908
18978
19010
19034
19140
19231
19303
19350
19373
19418
19513
19590
19591
19708
19711
19789
19845
19848
19913
19929
19968
20036
20093
20177
20189
20252
20344
20347
20351
20388
20426
20784
20846
21030
21033
21231
21285
21291
21333
21487
21497
21543
21567
21582
21593
21627
21717
21731
21734
21909
21932
22000
22324
22417
22548
22570
22598
22669
22680
22772
22873
22932
23017
23018
23082
23085
23121
23210
23271
23301
23302
23328
23339
23344
23361
23431
23631
23640
23675
23806
23862
23945
24124
24278
24345
24425
24471
24645
24766
24889
25059
25517
25616
25671
25765
26172
26358
26806
26882
27373
8140
9083
9211
9388
9594
9869