15861
16315
16755
16827
16883
16903
16942
16945
17041
17082
17433
17560
17712
17758
17835
17891
17930
17937
17942
17958
17974
17989
18030
18038
18043
18100
18101
18108
18131
18142
18232
18236
18291
18375
18400
18401
18457
18513
18520
18565
18633
18667
18692
18767
18778
18849
18885
18961
19022
19080
19273
19278
19290
19308
19309
19347
19391
19437
19485
19493
19513
19662
19756
19799
19845
19889
19901
19939
19947
19968
20036
20093
20105
20166
20193
20305
20308
20319
20353
20373
20432
20464
20518
20539
20561
20601
20637
20807
20899
20966
21030
21037
21115
21279
21285
21517
21550
21564
21567
21582
21586
21609
21650
21683
21693
21699
21707
21713
21733
21734
21735
21749
21783
21807
21837
21854
21870
21909
21918
21919
21938
21999
22000
22022
22023
22051
22074
22165
22205
22285