[37786, 37738, 37836]
[37052, 37177]
[37787, 37788]
[36203, 36162]
[37053, 37095, 37102]
[37395, 37410]
[37932, 37961]
[38099, 38116]
[37060, 37192]
[37399, 37516]
[37942, 37951]
[38101, 38147]
[36303, 36420, 36736]
[38102, 38134]
[37067, 36970, 37104]
[36420, 36303, 36736]
[37406, 37519]
[37805, 37821, 37845]
[37951, 37942]
[37074, 37132]
[37615, 37633]
[37807, 37810, 37833]
[37953, 37970]
[37809, 37772]
[37955, 38013]
[36514, 36577]
[37810, 37807, 37833]
[37957, 38027]
[37102, 37053, 37187]
[37960, 37962]
[37424, 37363]
[37961, 37932, 37979]
[36577, 36514]
[36596, 36926, 36985]
[37633, 37615]
[37819, 37770]
[38116, 38099]
[37970, 37953]
[36623, 36641]
[37177, 37052]
[37636, 37640]
[37821, 37805, 37845]
[38120, 38129]
[36651, 36675]
[37192, 37060]
[37458, 37536]
[38121, 38139]
[37193, 37149]
[37979, 37961]
[37204, 37262]
[37647, 37672]
[38125, 38142]
[36717, 36726, 36735]
[37206, 37190, 37303]
[38126, 38127, 38145]
[38127, 38126, 38145]
[37836, 37786]
[36736, 36303, 36420]
[37473, 37538]
[37996, 38005]
[38134, 38102]
[37484, 37526]
[36761, 36815]
[37486, 37435]
[38139, 38065]
[36773, 36788]
[37247, 37262]
[37495, 37479, 37507]
[37686, 37749]
[37503, 37363]
[36788, 36773]
[37506, 37545, 37547]
[36795, 36808] --------
[37700, 37728]
[37860, 37873]
[36808, 36795]
[37863, 37892]
[36809, 36868]
[37864, 37845]
[38027, 37957]
[37271, 37280]
[38163, 38144]
[37516, 37399]
[37710, 37712]
[37882, 37842]
[38032, 38034]
[37521, 37491]
[36860, 36969]
[37712, 37710]
[38041, 38080]
[37282, 37347]
[37892, 37863, 37888, 37894, 37944, 37948]
[37738, 37786]
[38065, 38139]
[38220, 38247]
[36926, 36596]
[37749, 37686]
[36928, 36908]
[37750, 37780]
[37906, 37879]
[37340, 37458]
[37343, 37440]
[38074, 38109]
[37347, 37282]
[37006, 37190, 37241]
[38247, 38220]
[37363, 37424, 37503]
[37913, 37936]
[37770, 37819]
[37023, 36972]
[37772, 37809]
[37588, 37573]