24766
26193
26197
26645
26673
26747
26778
26788
26823
26879
26946
27006
27018
27073
27234
27404
27519
27532
27660
27689
27778
27995
28005
28073
28237
28393
28406
28496
28775
29136
29183
29211
29315
29463
29510
29527
29641
29807
29873
30057
30218
30257
30275
30564
30592
30840
30853
30961
31105
31245
31383
31460
31639
31751
31786
31899
31922
31957
32018
32103
32149
32210
32250
32418
32427
32444
32562
32567
32583
32594
32595
32632
32637
32744
32752
32769
32799
32823
23842
32846
32908
32957
32965
32970
32977
33008
33042
33093
33124
33140
33143
33157
33191
33231
33240
33311
33395
33398
33406
33430
33453
33169
33471
33475
33495
33515
33545
33549
33568
33571
33577
33596
33611
33654
33673
33677
33680
33724
33792
33794
33845
33870
34071
34109
34127
34193
34211
34213
34225
34258
34283
34311
34312
34315
34368
34398
34407
34461
34479
34509
34507
34529
34558
34562
34570
34592
34608
34644
34682
34708
34726
34737
34753
34812
34824
34838
34894
34897
34955
34999
35135
35145
35166
35198
35204
35209
35236
35256
35264
35269
35311
35330
35347
35355
35400
35440
35448
35455
35468
35469
35490
35501
35540
35553
35568
35573
35636
35666
35699
35725
35728
35789
35804
35814
35822
35835
35852
35861
35880
35889
35895
35936